35.40
24.60
24.00
53.80
19.00
46.10
19.30
17.20
51.50
15.90
39.20
39.10
29.80
50.00
16.90
35.80
26.10
45.90
53.20
19.70
21.50
44.00
40.10
48.30
42.10
28.20
38.70
49.40
51.50
51.60
27.90
31.70
21.00
47.90
30.30
24.50
38.80
45.60
26.20
35.20
46.00
21.70
30.60
20.70
16.50
43.60
52.50
38.60
34.30
22.40
54.30
40.40
50.90
50.80
45.00
49.30
23.80
40.10
55.00
20.10
36.50
27.70
47.80
53.50
32.00
34.40
22.80
15.60
24.80
45.00
46.80
15.70
23.00
22.30
32.40
35.50
22.20
29.70
30.40
41.00
36.60
29.60
37.70
43.80
25.20
27.60
49.40
45.00
52.20
49.30
21.50
45.00
33.30
53.80
43.30
49.80
33.10
22.40
21.80
53.90
23.70
53.10
54.10
31.20
31.70
42.80
51.20
49.90
17.40
26.40
35.80
50.00
52.00
18.30
38.70
33.50
41.90
44.40
34.90
50.40
38.50
