15.500000
15.700000
15.900000
16.100000
16.300001
16.500002
16.700003
16.900003
17.100004
17.300005
17.500006
17.700006
17.900007
18.100008
18.300009
18.500010
18.700010
18.900011
19.100012
19.300013
19.500013
19.700014
19.900015
20.100016
20.300016
20.500017
20.700018
20.900019
21.100019
21.300020
21.500021
21.700022
21.900023
22.100023
22.300024
22.500025
22.700026
22.900026
23.100027
23.300028
23.500029
23.700029
23.900030
24.100031
24.300032
24.500032
24.700033
24.900034
25.100035
25.300035
25.500036
25.700037
25.900038
26.100039
26.300039
26.500040
26.700041
26.900042
27.100042
27.300043
27.500044
27.700045
27.900045
28.100046
28.300047
28.500048
28.700048
28.900049
29.100050
29.300051
29.500051
29.700052
29.900053
30.100054
30.300055
30.500055
30.700056
30.900057
31.100058
31.300058
31.500059
31.700060
31.900061
32.100060
32.300060
32.500061
32.700062
32.900063
33.100063
33.300064
33.500065
33.700066
33.900066
34.100067
34.300068
34.500069
34.700069
34.900070
35.100071
35.300072
35.500072
35.700073
35.900074
36.100075
36.300076
36.500076
36.700077
36.900078
37.100079
37.300079
37.500080
37.700081
37.900082
38.100082
38.300083
38.500084
38.700085
38.900085
39.100086
39.300087
39.500088
